PTP : -0.000019149808847818817 0.056337597321837574
PTR : -0.0005577978229345415 0.09315867688652194

x = 2941.9404532726960